# Chunk-averaged data for fix DENSITYFIXK and group file
# Timestep Number-of-chunks Total-count
# Chunk Coord1 Ncount density/number
4505000 231 45
  1 -34.4687 0 0
  2 -34.1687 0 0
  3 -33.8687 0 0
  4 -33.5687 0 0
  5 -33.2687 0 0
  6 -32.9687 0 0
  7 -32.6687 0 0
  8 -32.3687 0 0
  9 -32.0687 0 0
  10 -31.7687 0 0
  11 -31.4687 0 0
  12 -31.1687 0 0
  13 -30.8687 0 0
  14 -30.5687 0 0
  15 -30.2687 0 0
  16 -29.9687 0 0
  17 -29.6687 0 0
  18 -29.3687 0 0
  19 -29.0687 0 0
  20 -28.7687 0 0
  21 -28.4687 0 0
  22 -28.1687 0 0
  23 -27.8687 0 0
  24 -27.5687 0 0
  25 -27.2687 0 0
  26 -26.9687 0 0
  27 -26.6687 0 0
  28 -26.3687 0 0
  29 -26.0687 1 0.00267764
  30 -25.7687 0 0
  31 -25.4687 0 0
  32 -25.1687 1 0.00267764
  33 -24.8687 0 0
  34 -24.5687 0 0
  35 -24.2687 0 0
  36 -23.9687 0 0
  37 -23.6687 1 0.00267764
  38 -23.3687 0 0
  39 -23.0687 1 0.00267764
  40 -22.7687 1 0.00267764
  41 -22.4687 0 0
  42 -22.1687 0 0
  43 -21.8687 0 0
  44 -21.5687 0 0
  45 -21.2687 0 0
  46 -20.9687 1 0.00267764
  47 -20.6687 0 0
  48 -20.3687 0 0
  49 -20.0687 0 0
  50 -19.7687 0 0
  51 -19.4687 0 0
  52 -19.1687 0 0
  53 -18.8687 0 0
  54 -18.5687 1 0.00267764
  55 -18.2687 0 0
  56 -17.9687 1 0.00267764
  57 -17.6687 3 0.00803292
  58 -17.3687 0 0
  59 -17.0687 0 0
  60 -16.7687 1 0.00267764
  61 -16.4687 2 0.00535528
  62 -16.1687 0 0
  63 -15.8687 0 0
  64 -15.5687 1 0.00267764
  65 -15.2687 1 0.00267764
  66 -14.9687 0 0
  67 -14.6687 0 0
  68 -14.3687 0 0
  69 -14.0687 0 0
  70 -13.7687 0 0
  71 -13.4687 2 0.00535528
  72 -13.1687 2 0.00535528
  73 -12.8687 0 0
  74 -12.5687 0 0
  75 -12.2687 0 0
  76 -11.9687 0 0
  77 -11.6687 0 0
  78 -11.3687 0 0
  79 -11.0687 0 0
  80 -10.7687 0 0
  81 -10.4687 0 0
  82 -10.1687 0 0
  83 -9.86872 1 0.00267764
  84 -9.56872 1 0.00267764
  85 -9.26872 0 0
  86 -8.96872 0 0
  87 -8.66872 0 0
  88 -8.36872 0 0
  89 -8.06872 0 0
  90 -7.76872 1 0.00267764
  91 -7.46872 0 0
  92 -7.16872 0 0
  93 -6.86872 0 0
  94 -6.56872 0 0
  95 -6.26872 1 0.00267764
  96 -5.96872 0 0
  97 -5.66872 0 0
  98 -5.36872 0 0
  99 -5.06872 0 0
  100 -4.76872 0 0
  101 -4.46872 0 0
  102 -4.16872 0 0
  103 -3.86872 0 0
  104 -3.56872 1 0.00267764
  105 -3.26872 0 0
  106 -2.96872 0 0
  107 -2.66872 0 0
  108 -2.36872 0 0
  109 -2.06872 1 0.00267764
  110 -1.76872 2 0.00535528
  111 -1.46872 0 0
  112 -1.16872 0 0
  113 -0.868716 0 0
  114 -0.568716 0 0
  115 -0.268716 0 0
  116 0.0312841 0 0
  117 0.331284 0 0
  118 0.631284 0 0
  119 0.931284 0 0
  120 1.23128 0 0
  121 1.53128 1 0.00267764
  122 1.83128 1 0.00267764
  123 2.13128 0 0
  124 2.43128 0 0
  125 2.73128 0 0
  126 3.03128 1 0.00267764
  127 3.33128 0 0
  128 3.63128 1 0.00267764
  129 3.93128 0 0
  130 4.23128 0 0
  131 4.53128 0 0
  132 4.83128 0 0
  133 5.13128 0 0
  134 5.43128 0 0
  135 5.73128 0 0
  136 6.03128 0 0
  137 6.33128 1 0.00267764
  138 6.63128 1 0.00267764
  139 6.93128 0 0
  140 7.23128 0 0
  141 7.53128 0 0
  142 7.83128 1 0.00267764
  143 8.13128 0 0
  144 8.43128 0 0
  145 8.73128 0 0
  146 9.03128 0 0
  147 9.33128 0 0
  148 9.63128 0 0
  149 9.93128 1 0.00267764
  150 10.2313 0 0
  151 10.5313 0 0
  152 10.8313 0 0
  153 11.1313 0 0
  154 11.4313 0 0
  155 11.7313 0 0
  156 12.0313 0 0
  157 12.3313 0 0
  158 12.6313 0 0
  159 12.9313 1 0.00267764
  160 13.2313 1 0.00267764
  161 13.5313 0 0
  162 13.8313 1 0.00267764
  163 14.1313 0 0
  164 14.4313 0 0
  165 14.7313 0 0
  166 15.0313 0 0
  167 15.3313 1 0.00267764
  168 15.6313 1 0.00267764
  169 15.9313 0 0
  170 16.2313 0 0
  171 16.5313 0 0
  172 16.8313 1 0.00267764
  173 17.1313 1 0.00267764
  174 17.4313 0 0
  175 17.7313 0 0
  176 18.0313 0 0
  177 18.3313 0 0
  178 18.6313 0 0
  179 18.9313 0 0
  180 19.2313 0 0
  181 19.5313 0 0
  182 19.8313 0 0
  183 20.1313 1 0.00267764
  184 20.4313 0 0
  185 20.7313 0 0
  186 21.0313 0 0
  187 21.3313 0 0
  188 21.6313 0 0
  189 21.9313 0 0
  190 22.2313 0 0
  191 22.5313 0 0
  192 22.8313 0 0
  193 23.1313 0 0
  194 23.4313 0 0
  195 23.7313 0 0
  196 24.0313 0 0
  197 24.3313 0 0
  198 24.6313 1 0.00267764
  199 24.9313 0 0
  200 25.2313 0 0
  201 25.5313 0 0
  202 25.8313 0 0
  203 26.1313 0 0
  204 26.4313 0 0
  205 26.7313 0 0
  206 27.0313 0 0
  207 27.3313 0 0
  208 27.6313 0 0
  209 27.9313 0 0
  210 28.2313 0 0
  211 28.5313 0 0
  212 28.8313 0 0
  213 29.1313 0 0
  214 29.4313 0 0
  215 29.7313 0 0
  216 30.0313 0 0
  217 30.3313 0 0
  218 30.6313 0 0
  219 30.9313 0 0
  220 31.2313 0 0
  221 31.5313 0 0
  222 31.8313 0 0
  223 32.1313 0 0
  224 32.4313 0 0
  225 32.7313 0 0
  226 33.0313 0 0
  227 33.3313 0 0
  228 33.6313 0 0
  229 33.9313 0 0
  230 34.2313 0 0
  231 34.5313 0 0
4510000 231 45
  1 -34.4687 0 0
  2 -34.1687 0 0
  3 -33.8687 0 0
  4 -33.5687 0 0
  5 -33.2687 0 0
  6 -32.9687 0 0
  7 -32.6687 0 0
  8 -32.3687 0 0
  9 -32.0687 0 0
  10 -31.7687 0 0
  11 -31.4687 0 0
  12 -31.1687 0 0
  13 -30.8687 0 0
  14 -30.5687 0 0
  15 -30.2687 0 0
  16 -29.9687 0 0
  17 -29.6687 0 0
  18 -29.3687 0 0
  19 -29.0687 0 0
  20 -28.7687 0 0
  21 -28.4687 0 0
  22 -28.1687 0 0
  23 -27.8687 0 0
  24 -27.5687 0 0
  25 -27.2687 0 0
  26 -26.9687 0 0
  27 -26.6687 0 0
  28 -26.3687 0 0
  29 -26.0687 0 0
  30 -25.7687 1 0.00267764
  31 -25.4687 2 0.00535528
  32 -25.1687 0 0
  33 -24.8687 0 0
  34 -24.5687 0 0
  35 -24.2687 0 0
  36 -23.9687 1 0.00267764
  37 -23.6687 0 0
  38 -23.3687 0 0
  39 -23.0687 0 0
  40 -22.7687 0 0
  41 -22.4687 1 0.00267764
  42 -22.1687 1 0.00267764
  43 -21.8687 0 0
  44 -21.5687 0 0
  45 -21.2687 0 0
  46 -20.9687 1 0.00267764
  47 -20.6687 0 0
  48 -20.3687 0 0
  49 -20.0687 0 0
  50 -19.7687 0 0
  51 -19.4687 0 0
  52 -19.1687 0 0
  53 -18.8687 0 0
  54 -18.5687 0 0
  55 -18.2687 0 0
  56 -17.9687 0 0
  57 -17.6687 0 0
  58 -17.3687 0 0
  59 -17.0687 1 0.00267764
  60 -16.7687 1 0.00267764
  61 -16.4687 1 0.00267764
  62 -16.1687 0 0
  63 -15.8687 1 0.00267764
  64 -15.5687 1 0.00267764
  65 -15.2687 0 0
  66 -14.9687 1 0.00267764
  67 -14.6687 1 0.00267764
  68 -14.3687 2 0.00535528
  69 -14.0687 0 0
  70 -13.7687 0 0
  71 -13.4687 1 0.00267764
  72 -13.1687 2 0.00535528
  73 -12.8687 1 0.00267764
  74 -12.5687 0 0
  75 -12.2687 0 0
  76 -11.9687 0 0
  77 -11.6687 0 0
  78 -11.3687 0 0
  79 -11.0687 0 0
  80 -10.7687 0 0
  81 -10.4687 0 0
  82 -10.1687 0 0
  83 -9.86872 1 0.00267764
  84 -9.56872 0 0
  85 -9.26872 0 0
  86 -8.96872 0 0
  87 -8.66872 0 0
  88 -8.36872 1 0.00267764
  89 -8.06872 0 0
  90 -7.76872 1 0.00267764
  91 -7.46872 0 0
  92 -7.16872 0 0
  93 -6.86872 0 0
  94 -6.56872 0 0
  95 -6.26872 1 0.00267764
  96 -5.96872 0 0
  97 -5.66872 0 0
  98 -5.36872 0 0
  99 -5.06872 0 0
  100 -4.76872 0 0
  101 -4.46872 0 0
  102 -4.16872 0 0
  103 -3.86872 0 0
  104 -3.56872 0 0
  105 -3.26872 0 0
  106 -2.96872 0 0
  107 -2.66872 0 0
  108 -2.36872 1 0.00267764
  109 -2.06872 0 0
  110 -1.76872 1 0.00267764
  111 -1.46872 1 0.00267764
  112 -1.16872 1 0.00267764
  113 -0.868716 0 0
  114 -0.568716 0 0
  115 -0.268716 0 0
  116 0.0312841 0 0
  117 0.331284 0 0
  118 0.631284 0 0
  119 0.931284 0 0
  120 1.23128 0 0
  121 1.53128 1 0.00267764
  122 1.83128 0 0
  123 2.13128 0 0
  124 2.43128 1 0.00267764
  125 2.73128 1 0.00267764
  126 3.03128 0 0
  127 3.33128 0 0
  128 3.63128 0 0
  129 3.93128 1 0.00267764
  130 4.23128 0 0
  131 4.53128 0 0
  132 4.83128 0 0
  133 5.13128 0 0
  134 5.43128 0 0
  135 5.73128 0 0
  136 6.03128 0 0
  137 6.33128 0 0
  138 6.63128 0 0
  139 6.93128 0 0
  140 7.23128 0 0
  141 7.53128 1 0.00267764
  142 7.83128 1 0.00267764
  143 8.13128 1 0.00267764
  144 8.43128 0 0
  145 8.73128 0 0
  146 9.03128 1 0.00267764
  147 9.33128 0 0
  148 9.63128 0 0
  149 9.93128 0 0
  150 10.2313 0 0
  151 10.5313 0 0
  152 10.8313 0 0
  153 11.1313 0 0
  154 11.4313 0 0
  155 11.7313 0 0
  156 12.0313 0 0
  157 12.3313 1 0.00267764
  158 12.6313 1 0.00267764
  159 12.9313 0 0
  160 13.2313 0 0
  161 13.5313 1 0.00267764
  162 13.8313 0 0
  163 14.1313 0 0
  164 14.4313 1 0.00267764
  165 14.7313 0 0
  166 15.0313 0 0
  167 15.3313 0 0
  168 15.6313 1 0.00267764
  169 15.9313 0 0
  170 16.2313 1 0.00267764
  171 16.5313 0 0
  172 16.8313 0 0
  173 17.1313 0 0
  174 17.4313 1 0.00267764
  175 17.7313 0 0
  176 18.0313 0 0
  177 18.3313 0 0
  178 18.6313 0 0
  179 18.9313 0 0
  180 19.2313 1 0.00267764
  181 19.5313 0 0
  182 19.8313 0 0
  183 20.1313 0 0
  184 20.4313 0 0
  185 20.7313 0 0
  186 21.0313 0 0
  187 21.3313 0 0
  188 21.6313 0 0
  189 21.9313 0 0
  190 22.2313 0 0
  191 22.5313 1 0.00267764
  192 22.8313 0 0
  193 23.1313 0 0
  194 23.4313 0 0
  195 23.7313 0 0
  196 24.0313 0 0
  197 24.3313 0 0
  198 24.6313 0 0
  199 24.9313 0 0
  200 25.2313 0 0
  201 25.5313 0 0
  202 25.8313 0 0
  203 26.1313 0 0
  204 26.4313 0 0
  205 26.7313 0 0
  206 27.0313 0 0
  207 27.3313 0 0
  208 27.6313 0 0
  209 27.9313 0 0
  210 28.2313 0 0
  211 28.5313 0 0
  212 28.8313 0 0
  213 29.1313 0 0
  214 29.4313 0 0
  215 29.7313 0 0
  216 30.0313 0 0
  217 30.3313 0 0
  218 30.6313 0 0
  219 30.9313 0 0
  220 31.2313 0 0
  221 31.5313 0 0
  222 31.8313 0 0
  223 32.1313 0 0
  224 32.4313 0 0
  225 32.7313 0 0
  226 33.0313 0 0
  227 33.3313 0 0
  228 33.6313 0 0
  229 33.9313 0 0
  230 34.2313 0 0
  231 34.5313 0 0
