# Chunk-averaged data for fix DENSITYFIXwater and group file
# Timestep Number-of-chunks Total-count
# Chunk Coord1 Ncount density/number
4505000 231 2520
  1 -34.4687 0 0
  2 -34.1687 0 0
  3 -33.8687 0 0
  4 -33.5687 0 0
  5 -33.2687 0 0
  6 -32.9687 0 0
  7 -32.6687 0 0
  8 -32.3687 0 0
  9 -32.0687 0 0
  10 -31.7687 0 0
  11 -31.4687 0 0
  12 -31.1687 0 0
  13 -30.8687 0 0
  14 -30.5687 0 0
  15 -30.2687 0 0
  16 -29.9687 0 0
  17 -29.6687 0 0
  18 -29.3687 0 0
  19 -29.0687 0 0
  20 -28.7687 0 0
  21 -28.4687 0 0
  22 -28.1687 0 0
  23 -27.8687 20.8 0.0556949
  24 -27.5687 40.4 0.108177
  25 -27.2687 27.2 0.0728318
  26 -26.9687 20.6 0.0551594
  27 -26.6687 10 0.0267764
  28 -26.3687 9.8 0.0262409
  29 -26.0687 7.2 0.019279
  30 -25.7687 7 0.0187435
  31 -25.4687 5.4 0.0144593
  32 -25.1687 10.6 0.028383
  33 -24.8687 22.8 0.0610502
  34 -24.5687 19.6 0.0524817
  35 -24.2687 18.6 0.0498041
  36 -23.9687 11.4 0.0305251
  37 -23.6687 17 0.0455199
  38 -23.3687 9.6 0.0257053
  39 -23.0687 12.2 0.0326672
  40 -22.7687 8.8 0.0235632
  41 -22.4687 11 0.029454
  42 -22.1687 13.6 0.0364159
  43 -21.8687 14.4 0.038558
  44 -21.5687 10.4 0.0278475
  45 -21.2687 15.6 0.0417712
  46 -20.9687 12.2 0.0326672
  47 -20.6687 16.8 0.0449843
  48 -20.3687 11 0.029454
  49 -20.0687 13 0.0348093
  50 -19.7687 15.6 0.0417712
  51 -19.4687 11.4 0.0305251
  52 -19.1687 11.8 0.0315961
  53 -18.8687 17.2 0.0460554
  54 -18.5687 13.8 0.0369514
  55 -18.2687 9.6 0.0257053
  56 -17.9687 16.6 0.0444488
  57 -17.6687 11 0.029454
  58 -17.3687 7 0.0187435
  59 -17.0687 12 0.0321317
  60 -16.7687 13.6 0.0364159
  61 -16.4687 10.2 0.0273119
  62 -16.1687 15.8 0.0423067
  63 -15.8687 15 0.0401646
  64 -15.5687 9.4 0.0251698
  65 -15.2687 15.6 0.0417712
  66 -14.9687 14.4 0.038558
  67 -14.6687 10 0.0267764
  68 -14.3687 18 0.0481975
  69 -14.0687 14 0.037487
  70 -13.7687 10 0.0267764
  71 -13.4687 12.4 0.0332027
  72 -13.1687 9 0.0240988
  73 -12.8687 11.4 0.0305251
  74 -12.5687 15.2 0.0407001
  75 -12.2687 14 0.037487
  76 -11.9687 14 0.037487
  77 -11.6687 10.2 0.0273119
  78 -11.3687 16.8 0.0449843
  79 -11.0687 16.6 0.0444488
  80 -10.7687 10.6 0.028383
  81 -10.4687 10.6 0.028383
  82 -10.1687 13 0.0348093
  83 -9.86872 16 0.0428422
  84 -9.56872 9 0.0240988
  85 -9.26872 15.8 0.0423067
  86 -8.96872 9.4 0.0251698
  87 -8.66872 18.2 0.048733
  88 -8.36872 11 0.029454
  89 -8.06872 11.8 0.0315961
  90 -7.76872 10.2 0.0273119
  91 -7.46872 11.6 0.0310606
  92 -7.16872 16.4 0.0439133
  93 -6.86872 18 0.0481975
  94 -6.56872 11.8 0.0315961
  95 -6.26872 13.2 0.0353448
  96 -5.96872 14.8 0.0396291
  97 -5.66872 10.2 0.0273119
  98 -5.36872 9 0.0240988
  99 -5.06872 9.8 0.0262409
  100 -4.76872 15 0.0401646
  101 -4.46872 16.8 0.0449843
  102 -4.16872 16 0.0428422
  103 -3.86872 12.6 0.0337383
  104 -3.56872 19 0.0508752
  105 -3.26872 10.6 0.028383
  106 -2.96872 13 0.0348093
  107 -2.66872 13.4 0.0358804
  108 -2.36872 7.6 0.0203501
  109 -2.06872 11 0.029454
  110 -1.76872 12 0.0321317
  111 -1.46872 13 0.0348093
  112 -1.16872 14.8 0.0396291
  113 -0.868716 18.4 0.0492686
  114 -0.568716 13 0.0348093
  115 -0.268716 16 0.0428422
  116 0.0312841 12.6 0.0337383
  117 0.331284 12.4 0.0332027
  118 0.631284 11.8 0.0315961
  119 0.931284 11 0.029454
  120 1.23128 8 0.0214211
  121 1.53128 11.6 0.0310606
  122 1.83128 11.2 0.0299896
  123 2.13128 20.6 0.0551594
  124 2.43128 15.6 0.0417712
  125 2.73128 16 0.0428422
  126 3.03128 11.8 0.0315961
  127 3.33128 10.2 0.0273119
  128 3.63128 14.4 0.038558
  129 3.93128 11.6 0.0310606
  130 4.23128 17.4 0.0465909
  131 4.53128 6.6 0.0176724
  132 4.83128 13 0.0348093
  133 5.13128 13.6 0.0364159
  134 5.43128 9.4 0.0251698
  135 5.73128 11.4 0.0305251
  136 6.03128 18.6 0.0498041
  137 6.33128 13.4 0.0358804
  138 6.63128 16.6 0.0444488
  139 6.93128 9.6 0.0257053
  140 7.23128 10.2 0.0273119
  141 7.53128 13 0.0348093
  142 7.83128 12.4 0.0332027
  143 8.13128 11 0.029454
  144 8.43128 16 0.0428422
  145 8.73128 13 0.0348093
  146 9.03128 12.6 0.0337383
  147 9.33128 16.6 0.0444488
  148 9.63128 11.6 0.0310606
  149 9.93128 10 0.0267764
  150 10.2313 13.8 0.0369514
  151 10.5313 15.8 0.0423067
  152 10.8313 13.4 0.0358804
  153 11.1313 13.2 0.0353448
  154 11.4313 12.8 0.0342738
  155 11.7313 12.2 0.0326672
  156 12.0313 16.4 0.0439133
  157 12.3313 15.4 0.0412356
  158 12.6313 10.6 0.028383
  159 12.9313 16.6 0.0444488
  160 13.2313 6.8 0.0182079
  161 13.5313 14 0.037487
  162 13.8313 12.2 0.0326672
  163 14.1313 14 0.037487
  164 14.4313 15.4 0.0412356
  165 14.7313 9.4 0.0251698
  166 15.0313 13 0.0348093
  167 15.3313 18 0.0481975
  168 15.6313 11 0.029454
  169 15.9313 10.4 0.0278475
  170 16.2313 16.2 0.0433778
  171 16.5313 6.8 0.0182079
  172 16.8313 14.6 0.0390935
  173 17.1313 18 0.0481975
  174 17.4313 14.4 0.038558
  175 17.7313 9.2 0.0246343
  176 18.0313 16 0.0428422
  177 18.3313 12.8 0.0342738
  178 18.6313 6.6 0.0176724
  179 18.9313 13.6 0.0364159
  180 19.2313 13.4 0.0358804
  181 19.5313 16.2 0.0433778
  182 19.8313 10.4 0.0278475
  183 20.1313 19.4 0.0519462
  184 20.4313 15.6 0.0417712
  185 20.7313 12.4 0.0332027
  186 21.0313 7 0.0187435
  187 21.3313 10.6 0.028383
  188 21.6313 9.4 0.0251698
  189 21.9313 18.4 0.0492686
  190 22.2313 10.8 0.0289185
  191 22.5313 11.8 0.0315961
  192 22.8313 14.8 0.0396291
  193 23.1313 12.2 0.0326672
  194 23.4313 8.2 0.0219566
  195 23.7313 12.4 0.0332027
  196 24.0313 11.2 0.0299896
  197 24.3313 17.4 0.0465909
  198 24.6313 21.8 0.0583725
  199 24.9313 18 0.0481975
  200 25.2313 14.6 0.0390935
  201 25.5313 8.2 0.0219566
  202 25.8313 2.2 0.00589081
  203 26.1313 4 0.0107106
  204 26.4313 3 0.00803292
  205 26.7313 13 0.0348093
  206 27.0313 21.2 0.056766
  207 27.3313 43.8 0.117281
  208 27.6313 38.2 0.102286
  209 27.9313 11.8 0.0315961
  210 28.2313 0 0
  211 28.5313 0 0
  212 28.8313 0 0
  213 29.1313 0 0
  214 29.4313 0 0
  215 29.7313 0 0
  216 30.0313 0 0
  217 30.3313 0 0
  218 30.6313 0 0
  219 30.9313 0 0
  220 31.2313 0 0
  221 31.5313 0 0
  222 31.8313 0 0
  223 32.1313 0 0
  224 32.4313 0 0
  225 32.7313 0 0
  226 33.0313 0 0
  227 33.3313 0 0
  228 33.6313 0 0
  229 33.9313 0 0
  230 34.2313 0 0
  231 34.5313 0 0
4510000 231 2520
  1 -34.4687 0 0
  2 -34.1687 0 0
  3 -33.8687 0 0
  4 -33.5687 0 0
  5 -33.2687 0 0
  6 -32.9687 0 0
  7 -32.6687 0 0
  8 -32.3687 0 0
  9 -32.0687 0 0
  10 -31.7687 0 0
  11 -31.4687 0 0
  12 -31.1687 0 0
  13 -30.8687 0 0
  14 -30.5687 0 0
  15 -30.2687 0 0
  16 -29.9687 0 0
  17 -29.6687 0 0
  18 -29.3687 0 0
  19 -29.0687 0 0
  20 -28.7687 0 0
  21 -28.4687 0 0
  22 -28.1687 0.2 0.000535528
  23 -27.8687 18.6 0.0498041
  24 -27.5687 35.8 0.0958595
  25 -27.2687 40.8 0.109248
  26 -26.9687 14.6 0.0390935
  27 -26.6687 10.8 0.0289185
  28 -26.3687 5.2 0.0139237
  29 -26.0687 6 0.0160658
  30 -25.7687 9 0.0240988
  31 -25.4687 2 0.00535528
  32 -25.1687 12 0.0321317
  33 -24.8687 20 0.0535528
  34 -24.5687 20.4 0.0546238
  35 -24.2687 20 0.0535528
  36 -23.9687 13.6 0.0364159
  37 -23.6687 9.8 0.0262409
  38 -23.3687 17.4 0.0465909
  39 -23.0687 5.8 0.0155303
  40 -22.7687 12.2 0.0326672
  41 -22.4687 9.8 0.0262409
  42 -22.1687 9.8 0.0262409
  43 -21.8687 12.6 0.0337383
  44 -21.5687 17.6 0.0471265
  45 -21.2687 15 0.0401646
  46 -20.9687 15.2 0.0407001
  47 -20.6687 11.6 0.0310606
  48 -20.3687 8 0.0214211
  49 -20.0687 15.2 0.0407001
  50 -19.7687 16.2 0.0433778
  51 -19.4687 10.8 0.0289185
  52 -19.1687 10.8 0.0289185
  53 -18.8687 17.2 0.0460554
  54 -18.5687 9.2 0.0246343
  55 -18.2687 14.4 0.038558
  56 -17.9687 10 0.0267764
  57 -17.6687 13.2 0.0353448
  58 -17.3687 16.2 0.0433778
  59 -17.0687 8.6 0.0230277
  60 -16.7687 14.8 0.0396291
  61 -16.4687 15 0.0401646
  62 -16.1687 9.6 0.0257053
  63 -15.8687 9.8 0.0262409
  64 -15.5687 14.8 0.0396291
  65 -15.2687 15.2 0.0407001
  66 -14.9687 16.4 0.0439133
  67 -14.6687 13 0.0348093
  68 -14.3687 11.2 0.0299896
  69 -14.0687 12.6 0.0337383
  70 -13.7687 8 0.0214211
  71 -13.4687 11 0.029454
  72 -13.1687 10 0.0267764
  73 -12.8687 17 0.0455199
  74 -12.5687 11.8 0.0315961
  75 -12.2687 10.6 0.028383
  76 -11.9687 13.8 0.0369514
  77 -11.6687 12.8 0.0342738
  78 -11.3687 21 0.0562304
  79 -11.0687 16 0.0428422
  80 -10.7687 9 0.0240988
  81 -10.4687 11 0.029454
  82 -10.1687 10.2 0.0273119
  83 -9.86872 12.2 0.0326672
  84 -9.56872 14.2 0.0380225
  85 -9.26872 13.4 0.0358804
  86 -8.96872 12.8 0.0342738
  87 -8.66872 14.8 0.0396291
  88 -8.36872 10.2 0.0273119
  89 -8.06872 7.6 0.0203501
  90 -7.76872 21.4 0.0573015
  91 -7.46872 10 0.0267764
  92 -7.16872 14.2 0.0380225
  93 -6.86872 12.8 0.0342738
  94 -6.56872 12.4 0.0332027
  95 -6.26872 12.6 0.0337383
  96 -5.96872 19.2 0.0514107
  97 -5.66872 11 0.029454
  98 -5.36872 13.8 0.0369514
  99 -5.06872 13.2 0.0353448
  100 -4.76872 10.2 0.0273119
  101 -4.46872 18 0.0481975
  102 -4.16872 14.4 0.038558
  103 -3.86872 17.6 0.0471265
  104 -3.56872 13.8 0.0369514
  105 -3.26872 10 0.0267764
  106 -2.96872 14.2 0.0380225
  107 -2.66872 8.8 0.0235632
  108 -2.36872 8.4 0.0224922
  109 -2.06872 14.4 0.038558
  110 -1.76872 18.4 0.0492686
  111 -1.46872 11.6 0.0310606
  112 -1.16872 9.4 0.0251698
  113 -0.868716 14.4 0.038558
  114 -0.568716 16.2 0.0433778
  115 -0.268716 11.2 0.0299896
  116 0.0312841 9 0.0240988
  117 0.331284 12.6 0.0337383
  118 0.631284 17.2 0.0460554
  119 0.931284 13 0.0348093
  120 1.23128 13.4 0.0358804
  121 1.53128 12.4 0.0332027
  122 1.83128 14.4 0.038558
  123 2.13128 14 0.037487
  124 2.43128 11 0.029454
  125 2.73128 10.4 0.0278475
  126 3.03128 19.2 0.0514107
  127 3.33128 17.6 0.0471265
  128 3.63128 13.2 0.0353448
  129 3.93128 11.6 0.0310606
  130 4.23128 12 0.0321317
  131 4.53128 7 0.0187435
  132 4.83128 8.6 0.0230277
  133 5.13128 15.2 0.0407001
  134 5.43128 16.8 0.0449843
  135 5.73128 16.2 0.0433778
  136 6.03128 10.8 0.0289185
  137 6.33128 13.6 0.0364159
  138 6.63128 13.8 0.0369514
  139 6.93128 13.2 0.0353448
  140 7.23128 7.6 0.0203501
  141 7.53128 18.2 0.048733
  142 7.83128 14.8 0.0396291
  143 8.13128 16.6 0.0444488
  144 8.43128 13.6 0.0364159
  145 8.73128 12 0.0321317
  146 9.03128 7.2 0.019279
  147 9.33128 11.8 0.0315961
  148 9.63128 16.8 0.0449843
  149 9.93128 10.2 0.0273119
  150 10.2313 12 0.0321317
  151 10.5313 10.4 0.0278475
  152 10.8313 19.4 0.0519462
  153 11.1313 11.8 0.0315961
  154 11.4313 16.4 0.0439133
  155 11.7313 18.4 0.0492686
  156 12.0313 14.2 0.0380225
  157 12.3313 10.2 0.0273119
  158 12.6313 11 0.029454
  159 12.9313 9 0.0240988
  160 13.2313 11.2 0.0299896
  161 13.5313 11.2 0.0299896
  162 13.8313 16.8 0.0449843
  163 14.1313 16 0.0428422
  164 14.4313 15 0.0401646
  165 14.7313 16.6 0.0444488
  166 15.0313 12.8 0.0342738
  167 15.3313 12.6 0.0337383
  168 15.6313 11 0.029454
  169 15.9313 12 0.0321317
  170 16.2313 13 0.0348093
  171 16.5313 11.6 0.0310606
  172 16.8313 14.6 0.0390935
  173 17.1313 11.8 0.0315961
  174 17.4313 11.4 0.0305251
  175 17.7313 16 0.0428422
  176 18.0313 11.6 0.0310606
  177 18.3313 16 0.0428422
  178 18.6313 9.2 0.0246343
  179 18.9313 17 0.0455199
  180 19.2313 12.8 0.0342738
  181 19.5313 10.4 0.0278475
  182 19.8313 12.6 0.0337383
  183 20.1313 10.4 0.0278475
  184 20.4313 16.4 0.0439133
  185 20.7313 15.4 0.0412356
  186 21.0313 11.6 0.0310606
  187 21.3313 16.4 0.0439133
  188 21.6313 6.8 0.0182079
  189 21.9313 13.6 0.0364159
  190 22.2313 11.2 0.0299896
  191 22.5313 16.6 0.0444488
  192 22.8313 12.6 0.0337383
  193 23.1313 13 0.0348093
  194 23.4313 11.2 0.0299896
  195 23.7313 15.8 0.0423067
  196 24.0313 12.6 0.0337383
  197 24.3313 14 0.037487
  198 24.6313 13.2 0.0353448
  199 24.9313 14.2 0.0380225
  200 25.2313 14 0.037487
  201 25.5313 9.6 0.0257053
  202 25.8313 5.6 0.0149948
  203 26.1313 7 0.0187435
  204 26.4313 11.8 0.0315961
  205 26.7313 12.2 0.0326672
  206 27.0313 26.8 0.0717607
  207 27.3313 28.6 0.0765805
  208 27.6313 36.4 0.0974661
  209 27.9313 15 0.0401646
  210 28.2313 0 0
  211 28.5313 0 0
  212 28.8313 0 0
  213 29.1313 0 0
  214 29.4313 0 0
  215 29.7313 0 0
  216 30.0313 0 0
  217 30.3313 0 0
  218 30.6313 0 0
  219 30.9313 0 0
  220 31.2313 0 0
  221 31.5313 0 0
  222 31.8313 0 0
  223 32.1313 0 0
  224 32.4313 0 0
  225 32.7313 0 0
  226 33.0313 0 0
  227 33.3313 0 0
  228 33.6313 0 0
  229 33.9313 0 0
  230 34.2313 0 0
  231 34.5313 0 0
